C
14    7    21    
14    7    21    
14    7    21    28    
7    14    21    28    42    
7    14    21    28    42    
7    14    21    28    42    
7    14    21    28    42    
7    14    21    42    28    
7    14    21    42    28    
7    14    21    42    28    
7    14    21    42    28    
7    14    21    42    
7    14    21    42    28    
7    14    21    28    42    
7    14    21    28    42    
7    14    21    28    42    
7    14    21    28    42    
7    14    21    28    42    
7    14    21    28    42    
7    14    21    42    28    
7    21    14    42    
7    21    14    42    28    
7    21    14    
7    21    14    
7    21    14    
7    21    14    
7    21    14    
7    21    14    
7    21    14    
7    14    21    
7    14    21    
7    14    21    
7    21    14    
7    21    
7    21    

D

8    15    24    
8    23    16    
8    23    16    
8    23    15    
8    23    15    
8    23    15    31    
8    23    15    31    
8    23    15    31    
8    23    16    
8    23    16    
8    23    15    31    
8    23    15    
8    23    15    
8    23    15    31    
8    23    15    
8    23    16    
8    23    16    
8    23    15    
8    23    15    
8    23    15    
8    23    15    
8    23    15    
8    23    15    
8    23    15    
8    23    15    
8    23    15    
8    23    16    
8    23    15    
8    23    15    
8    23    16    
8    23    15    
8    23    16    
8    23    15    
8    15    23    
8    22    

E

9    17    26    15    
9    26    17    
9    26    17    
9    26    17    
9    17    26    
9    26    17    
9    26    17    
9    26    17    
9    26    17    
9    26    17    
9    26    17    
9    26    18    
9    17    26    
9    26    17    
9    26    17    
9    17    26    
9    26    17    
9    26    17    
9    26    17    
9    26    18    
9    26    17    
9    26    17    
9    26    17    
9    26    17    
9    26    17    
9    26    17    
9    26    17    
9    26    
8    26    16    
9    19    

F

9    
9    
9    
9    
9    
9    
9    
9    
9    
9    
9    
9    
9    
9    
9    
9    
9    
9    
9    
9    
9    
9    
9    
9    
9    
9    
9    
9    
9    
9    
9    
9    
9    
9    
9    17    

G

10    20    
10    20    
10    21    
10    21    
10    20    
10    20    
10    21    
10    20    
10    20    
10    20    
10    20    
10    21    
10    20    
10    20    
10    20    
10    20    
10    21    
10    21    
10    20    
10    20    
10    21    
10    21    
10    20    
10    20    
10    20    
10    21    
10    20    
10    20    
10    20    
10    20    

A

11    22    
11    23    34    
11    23    34    
11    23    34    
11    23    34    
11    23    34    
11    23    34    
11    23    34    
11    23    34    
11    23    34    
11    34    23    
11    23    34    
11    34    23    
11    23    34    
11    23    34    
11    34    23    
11    23    34    
11    34    23    
11    23    34    
11    23    34    
11    23    34    
11    23    34    
11    23    
11    23    
11    23    34    
11    23    34    
11    23    34    
11    23    34    
11    34    23    
11    23    34    
11    23    34    
11    34    
11    34    

B

13    25    
13    25    
13    25    
13    
13    25    
13    
13    25    
13    25    
13    
13    25    
13    25    
13    26    
13    26    
13    26    
13    26    39    
13    26    39    
13    26    
13    26    
13    26    
13    26    
13    26    
13    26    
13    26    39    
13    26    
13    26    
13    26    
13    26    
13    26    
13    25    
13    26    
13    
13    25    
13    25    
13    24    
13    
14    41    
14    41    
14    
14    41    
14    41    
14    41    
14    41    
14    
14    
14    
14    
14    
14    
13    
13    
13    
13    
13    
13    
13    
13    
13    
13    
13    
13    
13    
13    
13    
13    
13    
13    
13    
13    
13    
13    
13    
13    24    
