267.96875    535.9375    803.90625    1110.15625    
267.96875    535.9375    803.90625    
267.96875    535.9375    803.90625    1071.875    
267.96875    535.9375    803.90625    1071.875    
267.96875    535.9375    803.90625    1071.875    
267.96875    803.90625    535.9375    
267.96875    803.90625    535.9375    
267.96875    803.90625    535.9375    
267.96875    803.90625    535.9375    
267.96875    803.90625    535.9375    
267.96875    803.90625    535.9375    
267.96875    803.90625    535.9375    
267.96875    803.90625    535.9375    
267.96875    803.90625    535.9375    
267.96875    803.90625    535.9375    
267.96875    803.90625    535.9375    
267.96875    803.90625    535.9375    
267.96875    803.90625    535.9375    
267.96875    803.90625    535.9375    
267.96875    803.90625    535.9375    
267.96875    803.90625    535.9375    
267.96875    803.90625    535.9375    
267.96875    803.90625    535.9375    
267.96875    803.90625    535.9375    
267.96875    803.90625    535.9375    
267.96875    803.90625    535.9375    
267.96875    803.90625    535.9375    
267.96875    803.90625    535.9375    
267.96875    803.90625    535.9375    
267.96875    803.90625    535.9375    
267.96875    803.90625    535.9375    
267.96875    803.90625    535.9375    
267.96875    803.90625    535.9375    
267.96875    803.90625    535.9375    
267.96875    803.90625    535.9375    
267.96875    803.90625    535.9375    
267.96875    803.90625    535.9375    
267.96875    803.90625    535.9375    
267.96875    803.90625    535.9375    
267.96875    803.90625    535.9375    
306.25    880.46875    574.21875    1492.96875    
306.25    880.46875    574.21875    1492.96875    
306.25    880.46875    612.5    
306.25    880.46875    612.5    
306.25    880.46875    612.5    
306.25    880.46875    574.21875    
306.25    880.46875    574.21875    
306.25    880.46875    612.5    
306.25    880.46875    574.21875    
306.25    880.46875    574.21875    
306.25    880.46875    574.21875    
306.25    880.46875    1492.96875    612.5    
306.25    880.46875    574.21875    1492.96875    
306.25    880.46875    574.21875    1492.96875    
306.25    880.46875    612.5    1492.96875    
306.25    880.46875    1492.96875    574.21875    
306.25    880.46875    574.21875    1492.96875    
306.25    880.46875    574.21875    1492.96875    
306.25    880.46875    612.5    1492.96875    
306.25    880.46875    1492.96875    612.5    
306.25    880.46875    574.21875    1492.96875    
306.25    880.46875    574.21875    1492.96875    
306.25    880.46875    612.5    1492.96875    
306.25    880.46875    612.5    1492.96875    
306.25    880.46875    574.21875    1492.96875    
306.25    880.46875    574.21875    1492.96875    
306.25    880.46875    612.5    
306.25    880.46875    612.5    
306.25    880.46875    574.21875    
306.25    880.46875    574.21875    
306.25    880.46875    612.5    
306.25    880.46875    574.21875    
306.25    880.46875    574.21875    
306.25    880.46875    612.5    
306.25    880.46875    612.5    1492.96875    
306.25    880.46875    574.21875    1492.96875    
306.25    880.46875    574.21875    1492.96875    
306.25    880.46875    612.5    1492.96875    
306.25    880.46875    612.5    1492.96875    
306.25    880.46875    574.21875    1492.96875    
306.25    880.46875    574.21875    1492.96875    
344.53125    995.3125    650.78125    
344.53125    995.3125    650.78125    
344.53125    995.3125    689.0625    
344.53125    995.3125    650.78125    
344.53125    995.3125    650.78125    
344.53125    995.3125    689.0625    
344.53125    995.3125    650.78125    
344.53125    995.3125    650.78125    
344.53125    995.3125    
344.53125    995.3125    650.78125    
344.53125    995.3125    650.78125    
344.53125    995.3125    689.0625    
344.53125    650.78125    995.3125    
344.53125    995.3125    650.78125    
344.53125    995.3125    650.78125    
344.53125    650.78125    995.3125    
344.53125    995.3125    650.78125    
344.53125    995.3125    689.0625    
344.53125    650.78125    995.3125    
344.53125    995.3125    650.78125    
344.53125    995.3125    689.0625    
344.53125    650.78125    995.3125    
344.53125    995.3125    689.0625    
344.53125    995.3125    689.0625    
344.53125    995.3125    650.78125    
344.53125    995.3125    689.0625    
344.53125    995.3125    650.78125    
344.53125    995.3125    650.78125    
344.53125    995.3125    689.0625    
344.53125    995.3125    650.78125    
344.53125    995.3125    650.78125    
344.53125    995.3125    689.0625    
344.53125    650.78125    995.3125    
344.53125    995.3125    650.78125    
344.53125    995.3125    
344.53125    650.78125    995.3125    
344.53125    995.3125    689.0625    
344.53125    995.3125    650.78125    
344.53125    689.0625    
344.53125    
344.53125    727.34375    
344.53125    1760.9375    
344.53125    1760.9375    689.0625    
344.53125    1760.9375    
344.53125    1760.9375    
344.53125    76.5625    
344.53125    
344.53125    
344.53125    689.0625    
344.53125    76.5625    
344.53125    
344.53125    
344.53125    
344.53125    
344.53125    1760.9375    
344.53125    727.34375    
344.53125    1760.9375    
344.53125    689.0625    
382.8125    803.90625    
382.8125    803.90625    
382.8125    803.90625    
382.8125    803.90625    
382.8125    803.90625    
382.8125    803.90625    
382.8125    803.90625    
382.8125    765.625    
382.8125    803.90625    
382.8125    803.90625    
382.8125    765.625    
382.8125    765.625    
382.8125    765.625    
382.8125    765.625    
382.8125    765.625    
382.8125    765.625    
382.8125    765.625    
382.8125    803.90625    
382.8125    765.625    
382.8125    765.625    
382.8125    765.625    
382.8125    765.625    
382.8125    803.90625    
382.8125    765.625    
382.8125    765.625    
382.8125    765.625    
382.8125    765.625    
382.8125    765.625    
382.8125    765.625    
382.8125    765.625    
382.8125    765.625    
382.8125    803.90625    
382.8125    765.625    
382.8125    765.625    
382.8125    803.90625    
382.8125    803.90625    
382.8125    765.625    
382.8125    765.625    
382.8125    765.625    
459.375    880.46875    
459.375    880.46875    
459.375    880.46875    
459.375    880.46875    
459.375    880.46875    
459.375    880.46875    
459.375    880.46875    
459.375    880.46875    
459.375    880.46875    
459.375    880.46875    
459.375    880.46875    
459.375    880.46875    
459.375    880.46875    
421.09375    880.46875    
421.09375    880.46875    
421.09375    880.46875    
421.09375    880.46875    
421.09375    880.46875    1301.5625    
421.09375    880.46875    1301.5625    
421.09375    880.46875    
421.09375    880.46875    
421.09375    880.46875    
421.09375    880.46875    
421.09375    880.46875    
421.09375    880.46875    
421.09375    880.46875    1301.5625    
421.09375    880.46875    1301.5625    
421.09375    880.46875    
421.09375    880.46875    
421.09375    880.46875    
421.09375    880.46875    
421.09375    880.46875    
421.09375    880.46875    
421.09375    880.46875    
421.09375    880.46875    1301.5625    
421.09375    880.46875    1301.5625    
421.09375    1301.5625    880.46875    
421.09375    880.46875    
421.09375    
421.09375    1301.5625    
497.65625    957.03125    
497.65625    995.3125    
497.65625    995.3125    
497.65625    995.3125    
497.65625    995.3125    
497.65625    995.3125    
497.65625    995.3125    
497.65625    995.3125    
497.65625    995.3125    
497.65625    995.3125    
497.65625    995.3125    
497.65625    957.03125    
497.65625    957.03125    
497.65625    957.03125    
497.65625    995.3125    
497.65625    995.3125    
497.65625    957.03125    
497.65625    995.3125    
497.65625    995.3125    
497.65625    995.3125    
497.65625    995.3125    
497.65625    995.3125    
497.65625    995.3125    
497.65625    995.3125    
497.65625    995.3125    
497.65625    995.3125    
497.65625    995.3125    
497.65625    957.03125    
497.65625    957.03125    
497.65625    
497.65625    995.3125    
497.65625    
497.65625    957.03125    
497.65625    995.3125    
497.65625    995.3125    
497.65625    995.3125    
497.65625    995.3125    
497.65625    957.03125    
497.65625    995.3125    
497.65625    1033.59375    
497.65625    
535.9375    
535.9375    1569.53125    
535.9375    1569.53125    
535.9375    1033.59375    
535.9375    1569.53125    
535.9375    1569.53125    
535.9375    1569.53125    
535.9375    1569.53125    
535.9375    1569.53125    
535.9375    
535.9375    
535.9375    
535.9375    
535.9375    
535.9375    
497.65625    
497.65625    
497.65625    
497.65625    
497.65625    
497.65625    
497.65625    
535.9375    
535.9375    
535.9375    
535.9375    
535.9375    
535.9375    1569.53125    
535.9375    1569.53125    
535.9375    1569.53125    
535.9375    1569.53125    
535.9375    
535.9375    
535.9375    
535.9375    
497.65625    
497.65625    
497.65625    
497.65625    
535.9375    880.46875    421.09375    650.78125    957.03125    1186.71875    267.96875    803.90625    727.34375    
